Result of the testgoer.m

dft_data0 =

   3.1823e+03 + 3.1844e+03i


dft_data1 =

  -0.8884 - 0.1467i


dft_data2 =

   0.6365 + 0.6369i


dft_data3 =

   6.3584e+02 + 6.3794e+02i


mag0 =

   4.5020e+03


mag =

    0.9004


mag2 =

    0.9004


magn3 =

  900.6985


ph0 =

    0.7857


ph1 =

    0.1637


ph2 =

    0.7857


ph3 =

    0.7870
